155.638 398.163 0.6 10
219.074 398.054 0.6 10
239.533 398.585 0.6 10
142.342 398.055 0.6 10
172.566 398.397 0.6 10
157.22 398.492 0.6 10
16.0874 398.251 0.6 10
147.488 398.46 0.6 10
231.125 398.329 0.6 10
35.3409 398.229 0.6 10
190.024 398.038 0.6 10
394.81 384.887 0.6 10
227.779 340.147 0.6 10
429.211 398.33 0.6 10
76.6363 290.463 0.6 10
181.721 319.359 0.6 10
198.603 321.548 0.6 10
149.102 395.798 0.6 10
230.659 298.045 0.6 10
170.687 296.334 0.6 10
199.023 374.244 0.6 10
395.024 172.154 0.6 10
201.694 349.334 0.6 10
80.8197 158.347 0.6 10
