416.252 315.692 1 0 307 0 986 0 0 1 2 1
255.026 85.2263 1 0 256 40 1000 44 127 1 2 1
174.084 151.866 1 0 159 129 1000 0 0 1 2 1
421.449 167.301 1 1 828 502 1000 611 253 1 2 1
471.631 258.812 1 1 733 617 1000 600 323 1 2 1
367.134 147.397 1 1 710 665 1000 433 80 1 2 1
74.843 111.72 1 0 606 0 928 0 0 1 1 1
221.383 326.918 1 1 421 76 1000 492 192 1 1 1
191.057 319.159 1 1 86 543 1000 255 420 1 1 1
229.623 361.211 1 1 430 270 1000 407 390 1 0 1
78.0505 150.024 1 0 405 295 1000 0 0 1 0 1
238.078 261.108 1 1 394 306 1000 362 428 1 0 1
316.59 123.351 1 0 385 315 1000 181 90 1 0 1
91.1812 42.7133 1 1 376 324 1000 267 172 1 0 1
390.995 345.45 1 1 368 332 1000 447 431 1 0 1
226.196 178.855 1 1 360 340 1000 283 93 1 0 1
244.992 151.409 1 0 352 348 1000 0 0 1 0 1
109.258 229.412 1 0 344 356 1000 34 190 1 0 1
16.8172 396.662 1 1 336 364 1000 99 183 1 0 1
-2.22045e-016 4.44089e-016 1 1 322 378 1000 0 0 1 0 1
-2.22045e-016 4.44089e-016 1 1 314 386 1000 0 0 1 0 1
344.14 268.367 1 1 307 393 1000 374 261 1 0 1
